0, 0
1, 7172
2, 8196
3, 8710
4, 9220
5, 9477
6, 9734
7, 9991
8, 10244
9, 10372
10, 10501
11, 10629
12, 10758
13, 10886
14, 11015
15, 11143
16, 11268
17, 11332
18, 11396
19, 11460
20, 11525
21, 11589
22, 11653
23, 11717
24, 11782
25, 11846
26, 11910
27, 11974
28, 12039
29, 12103
30, 12167
31, 12231
32, 12292
33, 12324
34, 12356
35, 12388
36, 12420
37, 12452
38, 12484
39, 12516
40, 12549
41, 12581
42, 12613
43, 12645
44, 12677
45, 12709
46, 12741
47, 12773
48, 12806
49, 12838
50, 12870
51, 12902
52, 12934
53, 12966
54, 12998
55, 13030
56, 13063
57, 13095
58, 13127
59, 13159
60, 13191
61, 13223
62, 13255
63, 13287
64, 13316
65, 13332
66, 13348
67, 13364
68, 13380
69, 13396
70, 13412
71, 13428
72, 13444
73, 13460
74, 13476
75, 13492
76, 13508
77, 13524
78, 13540
79, 13556
80, 13573
81, 13589
82, 13605
83, 13621
84, 13637
85, 13653
86, 13669
87, 13685
88, 13701
89, 13717
90, 13733
91, 13749
92, 13765
93, 13781
94, 13797
95, 13813
96, 13830
97, 13846
98, 13862
99, 13878
100, 13894
101, 13910
102, 13926
103, 13942
104, 13958
105, 13974
106, 13990
107, 14006
108, 14022
109, 14038
110, 14054
111, 14070
112, 14087
113, 14103
114, 14119
115, 14135
116, 14151
117, 14167
118, 14183
119, 14199
120, 14215
121, 14231
122, 14247
123, 14263
124, 14279
125, 14295
126, 14311
127, 14327
128, 14340
129, 14348
130, 14356
131, 14364
132, 14372
133, 14380
134, 14388
135, 14396
136, 14404
137, 14412
138, 14420
139, 14428
140, 14436
141, 14444
142, 14452
143, 14460
144, 14468
145, 14476
146, 14484
147, 14492
148, 14500
149, 14508
150, 14516
151, 14524
152, 14532
153, 14540
154, 14548
155, 14556
156, 14564
157, 14572
158, 14580
159, 14588
160, 14597
161, 14605
162, 14613
163, 14621
164, 14629
165, 14637
166, 14645
167, 14653
168, 14661
169, 14669
170, 14677
171, 14685
172, 14693
173, 14701
174, 14709
175, 14717
176, 14725
177, 14733
178, 14741
179, 14749
180, 14757
181, 14765
182, 14773
183, 14781
184, 14789
185, 14797
186, 14805
187, 14813
188, 14821
189, 14829
190, 14837
191, 14845
192, 14854
193, 14862
194, 14870
195, 14878
196, 14886
197, 14894
198, 14902
199, 14910
200, 14918
201, 14926
202, 14934
203, 14942
204, 14950
205, 14958
206, 14966
207, 14974
208, 14982
209, 14990
210, 14998
211, 15006
212, 15014
213, 15022
214, 15030
215, 15038
216, 15046
217, 15054
218, 15062
219, 15070
220, 15078
221, 15086
222, 15094
223, 15102
224, 15111
225, 15119
226, 15127
227, 15135
228, 15143
229, 15151
230, 15159
231, 15167
232, 15175
233, 15183
234, 15191
235, 15199
236, 15207
237, 15215
238, 15223
239, 15231
240, 15239
241, 15247
242, 15255
243, 15263
244, 15271
245, 15279
246, 15287
247, 15295
248, 15303
249, 15311
250, 15319
251, 15327
252, 15335
253, 15343
254, 15351
255, 15359